15:09:0030802:318
15:09:0030802:326
15:09:0030802:340
15:09:0030802:342
15:09:0030802:349
15:09:0030802:372
15:09:0030802:388
15:09:0030802:399
15:09:0030802:403
15:09:0030802:640
15:09:0030802:842
15:09:0030802:851
15:09:0030803:1219
15:09:0030803:1221
15:09:0030803:1548
15:09:0030803:500
15:09:0030803:506
15:09:0030803:507
15:09:0030803:520
15:09:0030803:562
15:09:0030803:822
15:09:0030927:177
15:09:0030927:364
15:09:0030927:379
15:09:0030927:390
15:09:0030927:392
15:09:0031001:56
15:09:0031001:58
15:09:0031004:163
15:09:0031101:1010
15:09:0031101:1033
15:09:0031101:1092
15:09:0031101:1098
15:09:0031101:1109
15:09:0031101:1538
15:09:0031101:1553
15:09:0031101:203
15:09:0031101:629
15:09:0031101:630
15:09:0031101:683
15:09:0031101:752
15:09:0031101:762
15:09:0031101:784
15:09:0031101:796
15:09:0031101:808
15:09:0031101:814
15:09:0031101:823
15:09:0031101:892
15:09:0031101:939
15:09:0031102:16
15:09:0031104:90
15:09:0031123:65
15:09:0031127:45
15:09:0031131:161
15:09:0031131:186
15:09:0031131:192
15:09:0031131:196
15:09:0031131:198
15:09:0031131:239
15:09:0031131:286
15:09:0031131:293
15:09:0031131:304
15:09:0031205:170
15:09:0031205:176
15:09:0031212:218
15:09:0031214:173
15:09:0031214:53
15:09:0031402:628
15:09:0031402:634
15:09:0031402:725
15:09:0031601:113
15:09:0031601:125
15:09:0031601:181
15:09:0031601:185
15:09:0031601:209
15:09:0031601:210
15:09:0031601:218
15:09:0031601:277
15:09:0031601:281
15:09:0031601:298
15:09:0031601:316
15:09:0031601:328
15:09:0031601:330
15:09:0031601:344
15:09:0031601:353
15:09:0031601:360
15:09:0031601:367
15:09:0031602:1028
15:09:0031602:1069
15:09:0031602:992
15:09:0031603:1034
15:09:0031603:1298
15:09:0031603:401
15:09:0031603:788
15:09:0031604:1188
15:09:0031604:1215
15:09:0031604:1399
15:09:0031604:1464
15:09:0031604:1480
15:09:0031604:1511